# Time-averaged data for fix temp_info
# TimeStep v_mytemp
3000 5169.06
6000 5086.57
9000 5372.26
12000 5291.35
15000 5091.71
18000 5129.41
21000 4670.86
24000 4724.91
27000 5310.12
30000 4975.79
33000 4905.95
36000 5299.67
39000 4943.59
42000 5213.05
45000 4838.82
48000 5055.27
51000 5302.18
54000 5205.01
57000 4933.6
60000 5020.06
63000 5165.41
66000 4907.15
69000 5253.79
72000 4981.8
75000 5243.21
78000 5533.79
81000 5145.3
84000 4911.89
87000 5738.39
90000 5090.03
93000 4949.71
96000 4628.56
99000 4997.87
102000 4698.03
105000 5134.72
108000 4895.53
111000 5311.78
114000 4828.77
117000 4797.58
120000 5027.03
123000 4657.5
126000 4654.29
129000 5180.57
132000 4570.46
135000 5083.02
138000 5023.95
141000 5305.9
144000 5148.73
147000 4908.16
150000 4784.03
153000 5653.1
156000 5050.26
159000 4533.46
162000 4411.03
165000 4914.8
168000 5098.29
171000 5470.58
174000 4662.66
177000 5191.04
180000 4597.41
183000 5112.28
186000 4871.91
189000 4685.74
192000 4468.94
195000 5301.69
198000 5004.61
201000 5174.96
204000 4952.65
207000 4815.69
210000 4801.91
213000 5218.87
216000 4928.09
219000 4795.6
222000 5455.03
225000 4940.86
228000 5608.33
231000 5176.99
234000 4919.17
237000 4974.7
240000 5051.22
243000 4698.31
246000 4348.62
249000 4539.24
252000 4715.25
255000 4871.2
258000 4963.39
261000 4585.6
264000 4647.61
267000 5253.66
270000 4986.65
273000 4562.36
276000 4944.61
279000 4897.74
282000 5061.02
285000 5023.16
288000 4917.26
291000 4798.05
294000 5017.86
297000 4633.51
300000 5349.72
303000 5609.2
306000 5007.94
309000 5166.09
312000 5229.99
315000 5242.39
318000 5502.9
321000 4846.07
324000 5110.81
327000 5105.92
330000 5077.02
333000 5046.28
336000 5190.2
339000 5126.64
342000 4947.61
345000 4525.61
348000 5252.74
351000 4749.81
354000 5239.18
357000 4815.06
360000 4922.51
363000 5065.64
366000 4680.63
369000 5070.18
372000 5072.25
375000 5437.25
378000 4928.72
381000 4979
384000 4922.78
387000 4705.93
390000 4906.13
393000 5265.58
396000 5118.62
399000 4613.8
402000 5216.9
405000 5213.81
408000 4932.97
411000 5496.13
414000 4744.65
417000 5518.1
420000 4722.53
423000 4745.14
426000 5170.55
429000 5179.51
432000 5170.7
435000 5322.34
438000 5189.46
441000 5545.52
444000 5036.61
447000 5294.15
450000 5011.61
453000 4817
456000 5108.9
459000 4565.42
462000 5275.45
465000 5260.32
468000 4460.96
471000 5100.26
474000 4838.52
477000 5162.75
480000 5216.96
483000 5464.51
486000 5117.44
489000 4658.95
492000 5158.97
495000 4829.14
498000 4799.54
501000 4955.62
504000 5047.64
507000 4909.82
510000 4933.64
513000 5470.72
516000 4912.08
519000 4942.58
522000 5142.23
525000 5157.13
528000 5318.53
531000 5299.09
534000 4942.9
537000 5090.67
540000 5430.71
543000 5524
546000 4683.89
549000 4988.64
552000 4999.04
555000 5420.31
558000 5459.52
561000 5290.31
564000 5364.08
567000 4819.94
570000 4976.74
573000 4884.6
576000 4666.62
579000 4566.67
582000 5390.98
585000 5058.15
588000 5440.61
591000 4820.08
594000 4757.07
597000 4650.71
600000 4841.56
603000 4741.66
606000 5145.09
609000 5140.61
612000 4301.88
615000 4934.89
618000 5149.43
621000 5019.12
624000 5001.15
627000 4882.07
630000 4923.9
633000 5287.86
636000 4985.25
639000 4948.58
642000 4919.75
645000 4764.18
648000 4975.11
651000 4914.41
654000 4950.29
657000 5429.64
660000 4611.64
663000 5165.01
666000 5255.8
669000 5004.22
672000 4947.53
675000 4934.95
678000 4660.16
681000 5428
684000 4984.29
687000 5009.66
690000 5240.56
693000 4148.55
696000 4981.93
699000 4479.84
702000 4592.88
705000 4511.31
708000 5392.61
711000 5234.93
714000 4945.74
717000 4906.43
720000 4988.93
723000 5419.03
726000 4823.96
729000 5219.13
732000 5156.83
735000 5044.68
738000 4971.88
741000 5275.22
744000 4594.6
747000 4995.51
750000 4843.16
753000 4863.02
756000 4517.57
759000 5114.91
762000 4729.11
765000 5016.88
768000 5162.56
771000 4828.71
774000 4731.99
777000 5142.96
780000 4983.61
783000 5128.26
786000 4982.76
789000 4635.26
792000 4794.92
795000 4729.31
798000 5138.28
801000 5433.89
804000 4940.83
807000 4874.69
810000 4589.83
813000 4614.64
816000 5216.73
819000 4525.01
822000 4884.09
825000 5328.38
828000 5397.36
831000 4849.93
834000 5066.14
837000 5086.75
840000 5262.25
843000 5176.9
846000 5237.58
849000 4601.99
852000 4940.62
855000 4673.98
858000 4413.59
861000 4720.08
864000 5051.78
867000 4765.75
870000 4712.13
873000 4502.67
876000 5013.83
879000 4775.55
882000 4824.28
885000 4909.17
888000 4760.18
891000 4642.44
894000 4880.14
897000 5015.47
900000 4598.19
903000 4879.09
906000 4553.06
909000 5138.05
912000 4916.98
915000 5476.27
918000 4674.96
921000 4901.34
924000 5184.03
927000 5037.45
930000 5039.94
933000 4509.93
936000 5064.26
939000 5029.17
942000 5023.45
945000 4781.29
948000 4859.88
951000 4865.45
954000 5196.57
957000 4816.01
960000 5079.28
963000 4563.52
966000 4983.59
969000 4423.75
972000 4946.37
975000 5389.93
978000 5052.51
981000 4683
984000 4593.1
987000 5165.01
990000 5193.04
993000 4776.85
996000 5051.98
999000 4721.4
1002000 4734.66
1005000 5514.17
1008000 4775.5
1011000 4688.8
1014000 4999.16
1017000 4973.07
1020000 4762.21
1023000 4556.3
1026000 4542.41
1029000 4999.12
1032000 4431.2
1035000 4602.3
1038000 4305.89
1041000 4413.74
1044000 4397.19
1047000 4549.4
1050000 4524.3
1053000 5193.51
1056000 4290.19
1059000 5153.38
1062000 4598.84
1065000 4738.37
1068000 4623.05
1071000 4424
1074000 4598.21
1077000 4639.2
1080000 4974.41
1083000 5189.31
1086000 4941.64
1089000 4302.57
1092000 4543.71
1095000 4472.93
1098000 4605.97
1101000 4984.41
1104000 4649.29
1107000 4468.22
1110000 4873.86
1113000 4433.83
1116000 4428.67
1119000 4308.51
1122000 4681.37
1125000 4257.65
1128000 4604.36
1131000 4892.53
1134000 4500.58
1137000 4846.15
1140000 4339.29
1143000 4179.5
1146000 4318.57
1149000 4531.16
1152000 4571.06
1155000 4416.79
1158000 4641.74
1161000 4704.93
1164000 4930.97
1167000 4277.33
1170000 4448.43
1173000 4658.4
1176000 4651.33
1179000 4695.14
1182000 4120.52
1185000 4502.07
1188000 4430.37
1191000 4331.28
1194000 4638.41
1197000 4852.86
1200000 4468.02
1203000 4696.9
1206000 4559.75
1209000 4257.95
1212000 5001.76
1215000 4264.76
1218000 4536.79
1221000 4329.92
1224000 4309.92
1227000 4348.16
1230000 4434.98
1233000 4279.58
1236000 4209.39
1239000 4252.4
1242000 4372.81
1245000 4381.19
1248000 4396.61
1251000 4469.08
1254000 4329.31
1257000 4021.5
1260000 4408.25
1263000 4196
1266000 4599.27
1269000 4122.87
1272000 4062.22
1275000 4695.7
1278000 3904.29
1281000 4414.17
1284000 4291.39
1287000 4367.02
1290000 4184.46
1293000 4480.91
1296000 4403.65
1299000 4282.86
1302000 4310.07
1305000 4663.73
1308000 4090.9
1311000 4482.87
1314000 4575.62
1317000 3718.98
1320000 4238.77
1323000 4770.83
1326000 4140.96
1329000 4149.02
1332000 4711.73
1335000 4482.58
1338000 4655.92
1341000 4536.6
1344000 4824.05
1347000 4257.5
1350000 4210.49
1353000 4280.61
1356000 4232.3
1359000 4271.11
1362000 4217.11
1365000 4568.81
1368000 4078.36
1371000 4383.03
1374000 4041.89
1377000 4406.48
1380000 3758.4
1383000 4398.87
1386000 4153.75
1389000 4082.97
1392000 4514.32
1395000 4346.34
1398000 4388.37
1401000 4294.19
1404000 4646.95
1407000 3828.46
1410000 4827.84
1413000 4280.62
1416000 4125.9
1419000 3987.51
1422000 4085.08
1425000 3976.58
1428000 4066.99
1431000 4550.35
1434000 4255.02
1437000 4627.06
1440000 3975.24
1443000 4202.29
1446000 4485.58
1449000 4428.85
1452000 4081.79
1455000 4342.49
1458000 4565.37
1461000 4280.48
1464000 4114.61
1467000 4591.9
1470000 4488.89
1473000 4420.3
1476000 3769.89
1479000 4391.93
1482000 4113.61
1485000 3874.73
1488000 4378.21
1491000 4252.91
1494000 3932.83
1497000 4581.3
1500000 3970.72
1503000 4089.03
1506000 4473.46
1509000 3780.39
1512000 3972.68
1515000 3711.38
1518000 3587.74
1521000 4042.1
1524000 4333.73
1527000 4363.63
1530000 4124.82
1533000 4237.34
1536000 4050.65
1539000 3991.68
1542000 3885.78
1545000 4539.29
1548000 4039.99
1551000 4205.27
1554000 4305.99
1557000 3998.12
1560000 4121.09
1563000 3895.23
1566000 4483.89
1569000 4050.38
1572000 4059.51
1575000 3919.74
1578000 3947.17
1581000 3968.07
1584000 4025.85
1587000 3614.55
1590000 3845.43
1593000 3919.79
1596000 3899.21
1599000 4257.27
1602000 4112.49
1605000 3906.16
1608000 4028.86
1611000 3952.07
1614000 3696.56
1617000 4144.6
1620000 4323.59
1623000 4122.48
1626000 4078.78
1629000 3999.26
1632000 3970.14
1635000 4035.36
1638000 4647.66
1641000 4131.62
1644000 4187.76
1647000 4043.06
1650000 4020.48
1653000 4092.88
1656000 4371.09
1659000 3812.21
1662000 4312.4
1665000 3953.51
1668000 3866.12
1671000 3755.09
1674000 4251.23
1677000 4086.14
1680000 4029.88
1683000 4120.21
1686000 3911.84
1689000 3992.57
1692000 4325.84
1695000 3809.37
1698000 4154.85
1701000 4246.08
1704000 4037.37
1707000 4135.53
1710000 4053.7
1713000 3901.18
1716000 3994.03
1719000 3994.13
1722000 4125.24
1725000 3995.49
1728000 4110.21
1731000 3939.53
1734000 4012.52
1737000 4079.52
1740000 4258.38
1743000 4033.6
1746000 4049.26
1749000 4055.5
1752000 4268.15
1755000 4043.9
1758000 3926.63
1761000 3951.5
1764000 3639.62
1767000 4028.15
1770000 3731.95
1773000 3866.59
1776000 4042.69
1779000 4518.92
1782000 4076.72
1785000 3733.38
1788000 3742.15
1791000 4324.86
1794000 3960.28
1797000 4175.04
1800000 4037.47
1803000 4420.9
1806000 4234.75
1809000 3882.96
1812000 4235.11
1815000 3961.58
1818000 3695.96
1821000 3708.75
1824000 3955.35
1827000 4230.49
1830000 3688.35
1833000 3892.52
1836000 3887.71
1839000 3672.27
1842000 4114.64
1845000 4089.04
1848000 4428.93
1851000 4027.22
1854000 3604.04
1857000 4048.33
1860000 3849.33
1863000 4077.44
1866000 4017.56
1869000 3962.52
1872000 4028.15
1875000 4282.8
1878000 4246.43
1881000 4057.81
1884000 3558.39
1887000 4233.42
1890000 4101.55
1893000 4288.34
1896000 3775.81
1899000 3991.62
1902000 4053.88
1905000 3729.14
1908000 3934.69
1911000 3921.86
1914000 3897.64
1917000 4279.99
1920000 4325.03
1923000 4208.82
1926000 3720.19
1929000 4240.31
1932000 4159.23
1935000 4102.82
1938000 3903.9
1941000 3770.33
1944000 3943.69
1947000 4117.37
1950000 4210.9
1953000 4291.14
1956000 4192.57
1959000 4135.21
1962000 4264.61
1965000 4018.17
1968000 4259.58
1971000 4512.04
1974000 3924.4
1977000 4110.62
1980000 4230.4
1983000 4053.61
1986000 3973.57
1989000 3888.38
1992000 4202.59
1995000 4362.39
1998000 4006.22
2001000 4443.93
2004000 3833.09
2007000 3829.97
2010000 3903.77
2013000 4371.93
2016000 4096.67
2019000 4080.07
2022000 4214.18
2025000 3906.89
2028000 4055.13
2031000 4036.19
2034000 4519.79
2037000 3862.47
2040000 4321.36
2043000 3819.65
2046000 3875.5
2049000 4065.83
2052000 4219.68
2055000 3993.48
2058000 3937.67
2061000 3942.37
2064000 3820.19
2067000 3974.87
2070000 3987.79
2073000 4171.31
2076000 4221.19
2079000 4247.36
2082000 4162.33
2085000 3835.01
2088000 4227.36
2091000 3969.27
2094000 4322.55
2097000 4310.68
2100000 4224.55
2103000 3965.08
2106000 3843.73
2109000 4091.6
2112000 3968.88
2115000 4192.22
2118000 4136.43
2121000 3982.67
2124000 4018.79
2127000 3867.94
2130000 4378.51
2133000 3778.52
2136000 3649.62
2139000 3949.61
2142000 3745.02
2145000 3857.29
2148000 3906.35
2151000 3942.61
2154000 3912.96
2157000 3836.07
2160000 4381.03
2163000 3943.63
2166000 3982.86
2169000 3882.12
2172000 3916.51
2175000 3790.48
2178000 4106.49
2181000 3890.04
2184000 4129.26
2187000 4096.05
2190000 4349.21
2193000 4058.83
2196000 4202.62
2199000 4062.86
2202000 3886.85
2205000 3870.54
2208000 3968.95
2211000 4248.57
2214000 3759.57
2217000 3889.22
2220000 4017.81
2223000 4091.11
2226000 3945.26
2229000 4325.05
2232000 4029.24
2235000 3850.15
2238000 4447.72
2241000 4157.05
2244000 4065.31
2247000 4096.31
2250000 3806.1
2253000 3966.9
2256000 3742.43
2259000 3920.51
2262000 4054.2
2265000 4093.78
2268000 3991.93
2271000 4034.6
2274000 4023.25
2277000 4239.15
2280000 4159.53
2283000 4185.95
2286000 4168.98
2289000 3971.03
2292000 3949.78
2295000 4177.82
2298000 4332.42
2301000 4068.11
2304000 4353.55
2307000 3835.58
2310000 3750.84
2313000 4242.95
2316000 4043.08
2319000 4239.5
2322000 3766.03
2325000 3899.42
2328000 3806.87
2331000 4057.89
2334000 4166.25
2337000 3845.83
2340000 4025.71
2343000 3882.17
2346000 4043.11
2349000 3986.7
2352000 4087.4
2355000 4151.28
2358000 3958.73
2361000 4124.16
2364000 4046.37
2367000 4121.53
2370000 3924.65
2373000 3737.26
2376000 4097.39
2379000 3968.81
2382000 4500.71
2385000 3820.24
2388000 3826.37
2391000 4171.37
2394000 4060.03
2397000 3982.91
2400000 4113.71
2403000 3518.2
2406000 4035.79
2409000 4157.55
2412000 3837.46
2415000 4260.44
2418000 3844.98
2421000 4432.27
2424000 4176.82
2427000 3851.57
2430000 3811.4
2433000 4032.92
2436000 4216.2
2439000 4210.01
2442000 4139.09
2445000 3926.73
2448000 3901.91
2451000 3797.38
2454000 4174.82
2457000 3754.39
2460000 3692.56
2463000 3934.34
2466000 3964.97
2469000 4018.81
2472000 3922.17
2475000 4225.3
2478000 3999.07
2481000 3935.49
2484000 3682.46
2487000 4067.3
2490000 4009.67
2493000 3967.3
2496000 4223.29
2499000 4122.29
2502000 3921.28
2505000 3871.45
2508000 3812.59
2511000 3858.54
2514000 3902.74
2517000 3816.34
2520000 3861.38
2523000 4125.6
2526000 3687.09
2529000 3832.19
2532000 4249.5
2535000 3641.53
2538000 4230.96
2541000 3833.5
2544000 3743.02
2547000 3631.35
2550000 3763.1
2553000 3680.1
2556000 3867.48
2559000 3796.95
2562000 3648.7
2565000 3927.56
2568000 3915.73
2571000 3847.38
2574000 3568.6
2577000 4284.29
2580000 3985.59
2583000 4187.19
2586000 3880.67
2589000 3683.56
2592000 3755.75
2595000 3959.86
2598000 3949.24
2601000 3743.05
2604000 3776.8
2607000 3860.23
2610000 4086.61
2613000 3714
2616000 3625.57
2619000 3974.01
2622000 3571.13
2625000 3738.58
2628000 3840.71
2631000 3684.29
2634000 3792
2637000 3915.95
2640000 3700.09
2643000 3869.54
2646000 3851.28
2649000 3630.61
2652000 3883.02
2655000 3899.08
2658000 3562.08
2661000 3667.51
2664000 3645.24
2667000 3241.79
2670000 3427.09
2673000 3703.86
2676000 3627.27
2679000 4011.53
2682000 3823.51
2685000 3928.35
2688000 3695.85
2691000 3598.32
2694000 3714.06
2697000 3871.54
2700000 3278.33
2703000 3532.85
2706000 3952.69
2709000 3436.09
2712000 3833.78
2715000 3959.2
2718000 3370.74
2721000 3654.7
2724000 3488.96
2727000 3705.05
2730000 3793.87
2733000 3558.07
2736000 3637.76
2739000 3537.84
2742000 3663.43
2745000 3339.41
2748000 3521.74
2751000 3574.03
2754000 3579.37
2757000 3598.38
2760000 3578.1
2763000 3272.9
2766000 3731.07
2769000 3664.62
2772000 4044.99
2775000 3512.32
2778000 3340.6
2781000 3399.63
2784000 3683.14
2787000 3651.23
2790000 3669.61
2793000 3580.16
2796000 3373.71
2799000 3338.86
2802000 3483.79
2805000 3674.57
2808000 3626.21
2811000 3366.01
2814000 3517.02
2817000 3585.77
2820000 3293.32
2823000 3396.47
2826000 3429.43
2829000 3468.02
2832000 3567.21
2835000 3322.76
2838000 3380.96
2841000 3569.02
2844000 3392.38
2847000 3593.99
2850000 3200.48
2853000 3281.51
2856000 3515.68
2859000 3416.22
2862000 3281.37
2865000 3329.24
2868000 3446.86
2871000 3392.93
2874000 3452.74
2877000 3358.74
2880000 3491.65
2883000 3409.11
2886000 3442.08
2889000 3537.97
2892000 3483.27
2895000 3268.3
2898000 3269.38
2901000 3693.77
2904000 3354.24
2907000 3197.36
2910000 3576.92
2913000 3536.1
2916000 3301.25
2919000 3429.27
2922000 3039.89
2925000 3337.5
2928000 3627.86
2931000 3277.12
2934000 3542.69
2937000 3453.19
2940000 3523.47
2943000 3436.9
2946000 3595.34
2949000 3229.72
2952000 3351.73
2955000 3217.89
2958000 3390.4
2961000 3384.52
2964000 3310.55
2967000 3328.36
2970000 3201.41
2973000 3267.96
2976000 3200.23
2979000 3204.37
2982000 3483.18
2985000 3657.76
2988000 3010.43
2991000 3369.13
2994000 3391.99
2997000 3213.3
3000000 3175.68
3003000 2973.07
3006000 3303.29
3009000 3278.25
3012000 3653.52
3015000 3323.26
3018000 3220.23
3021000 3380.94
3024000 3033.41
3027000 3170.02
3030000 3294.23
3033000 3386.55
3036000 3201.82
3039000 3160.9
3042000 2932.45
3045000 3175.55
3048000 3155.29
3051000 3017.73
3054000 3233.42
3057000 3144.13
3060000 3385.32
3063000 3125.21
3066000 3192.55
3069000 3332.79
3072000 3300.94
3075000 3139.28
3078000 3316.7
3081000 3179.75
3084000 3170.42
3087000 3239.99
3090000 2992.45
3093000 3147.84
3096000 2843.82
3099000 3493.8
3102000 3064.58
3105000 3368
3108000 3222.69
3111000 2945.64
3114000 3093.86
3117000 3302.35
3120000 2844.54
3123000 3180.97
3126000 3413.05
3129000 3384.78
3132000 3147.57
3135000 3062.4
3138000 3054.43
3141000 3241.16
3144000 3218.26
3147000 3099.45
3150000 3255.2
3153000 3262.93
3156000 3224.97
3159000 3002.16
3162000 3285.18
3165000 3034.85
3168000 3073.79
3171000 3050.6
3174000 3142.3
3177000 3164.87
3180000 3317.83
3183000 3300.67
3186000 3025.66
3189000 2645.26
3192000 3161.65
3195000 3183.76
3198000 3105.07
3201000 2999.9
3204000 3168.49
3207000 2726.6
3210000 3079.25
3213000 3205.52
3216000 3193.24
3219000 2938.98
3222000 2969.14
3225000 2867.38
3228000 2921.82
3231000 3110.92
3234000 3213.11
3237000 2967.89
3240000 3083.12
3243000 2832.88
3246000 3039.14
3249000 3210.64
3252000 3194.58
3255000 2979.94
3258000 3051.53
3261000 2796.01
3264000 2858.8
3267000 2868.9
3270000 3165.42
3273000 3142.29
3276000 3031.93
3279000 3302.71
3282000 3146.37
3285000 2777.91
3288000 2946.13
3291000 2983.76
3294000 3141.05
3297000 3082.03
3300000 2785.09
3303000 2811.34
3306000 3003.68
3309000 2870.41
3312000 2900.09
3315000 2936
3318000 3070.08
3321000 3244.11
3324000 3089.32
3327000 3018.35
3330000 2833.05
3333000 2805.4
3336000 2831.72
3339000 2913.85
3342000 2996.51
3345000 3122.94
3348000 3077.71
3351000 2898.32
3354000 2917.33
3357000 2874.39
3360000 2826.01
3363000 3043.5
3366000 2975.77
3369000 3113.18
3372000 3202
3375000 3203.43
3378000 2823.71
3381000 2908.61
3384000 2789.22
3387000 3148.68
3390000 2930.4
3393000 2942.44
3396000 3013.26
3399000 3166.7
3402000 2992.42
3405000 3015.2
3408000 2896.59
3411000 3082.99
3414000 3022.27
3417000 2901.53
3420000 3066.1
3423000 3173.57
3426000 2967.5
3429000 2916.5
3432000 3111.35
3435000 3167.93
3438000 3054.99
3441000 2951.02
3444000 3005.13
3447000 3025.99
3450000 2883.24
3453000 3174.98
3456000 2864.54
3459000 2997.9
3462000 3048.62
3465000 2984.61
3468000 2696.08
3471000 3131.55
3474000 2877.46
3477000 2947.16
3480000 3187.29
3483000 2722.64
3486000 3086.88
3489000 3191.57
3492000 3037.44
3495000 2891.95
3498000 2959.31
3501000 2922.88
3504000 2761.64
3507000 3082.66
3510000 3092.35
3513000 2890.36
3516000 3039.37
3519000 3087.53
3522000 3185.64
3525000 2782.29
3528000 3057.09
3531000 2890.06
3534000 3212.29
3537000 3147.96
3540000 2832.99
3543000 2958.91
3546000 3003.61
3549000 2898.28
3552000 2629.34
3555000 3165.84
3558000 3218.2
3561000 3149.1
3564000 2970.53
3567000 2914.71
3570000 2746.29
3573000 3028.01
3576000 2823.97
3579000 3259.91
3582000 2961.59
3585000 2901.93
3588000 2967.25
3591000 2877.78
3594000 2954.71
3597000 2889.93
3600000 2988.76
3603000 2985.9
3606000 3014.91
3609000 3169.12
3612000 2846.27
3615000 3048.16
3618000 3053.34
3621000 2916.64
3624000 3235.58
3627000 3356.01
3630000 2993.54
3633000 2894.58
3636000 2864.21
3639000 3096.72
3642000 3002.85
3645000 2931.36
3648000 3321.69
3651000 2883.05
3654000 2958
3657000 3325.1
3660000 3231.15
3663000 3109.1
3666000 3057.1
3669000 3188.7
3672000 3014.28
3675000 3150.42
3678000 3072.97
3681000 3345.65
3684000 3105.46
3687000 3126.81
3690000 3129.4
3693000 3020.83
3696000 2942.57
3699000 3247.82
3702000 3135.35
3705000 3029.63
3708000 3104.28
3711000 2955.34
3714000 2964.77
3717000 2984.77
3720000 3290.46
3723000 2775.82
3726000 2882.38
3729000 2922.87
3732000 3116.5
3735000 2852.25
3738000 2989.1
3741000 3022.39
3744000 2897.01
3747000 2982.1
3750000 2843.37
3753000 3074.54
3756000 3067.42
3759000 2820.87
3762000 2794.87
3765000 2837.01
3768000 2921.04
3771000 3151.15
3774000 3143.65
3777000 2723.08
3780000 3002.2
3783000 3022.12
3786000 2751.28
3789000 2997.41
3792000 3270.97
3795000 3188.88
3798000 3041.05
3801000 3153.71
3804000 3317.42
3807000 3076.72
3810000 3291.26
3813000 2784.83
3816000 3138.58
3819000 3130.91
3822000 3169.16
3825000 3332.08
3828000 3110.31
3831000 2950.94
3834000 3004.82
3837000 2959.38
3840000 2789.95
3843000 2987.01
3846000 3099.8
3849000 3027.84
3852000 3273.73
3855000 3006.42
3858000 2976.99
3861000 2929.08
3864000 3032.52
3867000 2938.68
3870000 3044.2
3873000 2806.71
3876000 3259.9
3879000 3253.3
3882000 3214.22
3885000 3078.48
3888000 3145.89
3891000 3069.35
3894000 2915.1
3897000 3036.34
3900000 2656.69
3903000 2876.3
3906000 3164.14
3909000 2828.36
3912000 3187.72
3915000 3034.13
3918000 2979
3921000 2955.56
3924000 2958.13
3927000 3033.2
3930000 3038.39
3933000 2924.07
3936000 3042.01
3939000 2947.54
3942000 3267.09
3945000 2867.55
3948000 2993.82
3951000 3036.93
3954000 2918.79
3957000 2898.58
3960000 2996.45
3963000 3045.08
3966000 2987.56
3969000 2834.71
3972000 2995.32
3975000 2918.97
3978000 2994.45
3981000 2925.37
3984000 2865.95
3987000 3017.61
3990000 2822.31
3993000 2965.56
3996000 3234.92
3999000 3061.52
4002000 3014.71
4005000 2881.99
4008000 2780.84
4011000 3036.06
4014000 3092.74
4017000 2902.87
4020000 3141.73
4023000 2710.69
4026000 2991.72
4029000 2864.64
4032000 3116.87
4035000 2921.18
4038000 2952.32
4041000 2925.92
4044000 3039.7
4047000 3197.8
4050000 2934.99
4053000 2930.79
4056000 3074.3
4059000 2931.46
4062000 2876.26
4065000 3116.2
4068000 2668.45
4071000 2688.56
4074000 2812.03
4077000 2795.73
4080000 2749.31
4083000 2838
4086000 2903.44
4089000 2835.82
4092000 2884.29
4095000 2844.89
4098000 2868.16
4101000 2796.38
4104000 3113.33
4107000 2832.43
4110000 2881.94
4113000 2818.27
4116000 3095.19
4119000 2555.44
4122000 2884.74
4125000 2807.86
4128000 2773.41
4131000 2890.25
4134000 2696.38
4137000 2729.78
4140000 2793.55
4143000 2738.34
4146000 2920.52
4149000 2840.54
4152000 2967.01
4155000 2920.42
4158000 2868.94
4161000 2905.81
4164000 2782.9
4167000 2986.49
4170000 2664.86
4173000 2828.54
4176000 2557.47
4179000 2745.24
4182000 2965.13
4185000 2631.38
4188000 2885.23
4191000 2762.19
4194000 2710.65
4197000 2792.11
4200000 2843.59
4203000 2504.71
4206000 2832.36
4209000 2731.63
4212000 3053.72
4215000 2590.88
4218000 2854.57
4221000 2645.09
4224000 3100.76
4227000 2759.28
4230000 2676.14
4233000 2590.05
4236000 2902.81
4239000 2584.3
4242000 2851.53
4245000 2761.32
4248000 2353.8
4251000 2634.16
4254000 2763.01
4257000 2901.86
4260000 2613.12
4263000 2742.48
4266000 2731.94
4269000 2780.73
4272000 2609.59
4275000 2578.97
4278000 2867.85
4281000 2850.6
4284000 2593.71
4287000 2617.41
4290000 2748.75
4293000 2718.31
4296000 2672.47
4299000 2577.79
4302000 2543.04
4305000 2552.62
4308000 2626.59
4311000 2638.77
4314000 2751.99
4317000 2481.97
4320000 2436.99
4323000 2545.01
4326000 2850.08
4329000 2687.08
4332000 2566.13
4335000 2541.59
4338000 2477.65
4341000 2525.43
4344000 2690.71
4347000 2819.7
4350000 2411.27
4353000 2524.46
4356000 2602.89
4359000 2591.74
4362000 2462.35
4365000 2497.65
4368000 2606.71
4371000 2476.98
4374000 2559.39
4377000 2492.85
4380000 2654.38
4383000 2861.55
4386000 2486.35
4389000 2430.81
4392000 2673.31
4395000 2513.31
4398000 2318.08
4401000 2451.09
4404000 2556.64
4407000 2542.37
4410000 2483.95
4413000 2525.76
4416000 2494.87
4419000 2573.88
4422000 2327.13
4425000 2445.85
4428000 2412.68
4431000 2540.51
4434000 2567.1
4437000 2453.28
4440000 2459.73
4443000 2733.69
4446000 2380.74
4449000 2541.99
4452000 2424.96
4455000 2612.75
4458000 2395.3
4461000 2464.13
4464000 2665.48
4467000 2228.83
4470000 2370.18
4473000 2375.2
4476000 2164.89
4479000 2586.87
4482000 2495.29
4485000 2552.05
4488000 2384.41
4491000 2198.55
4494000 2383.99
4497000 2416.68
4500000 2460.91
4503000 2415.96
4506000 2408.68
4509000 2206.68
4512000 2313.88
4515000 2278.1
4518000 2149.64
4521000 2289.24
4524000 2161.4
4527000 2325.57
4530000 2198.47
4533000 2277.54
4536000 2453.93
4539000 2537.77
4542000 2287.66
4545000 2231.04
4548000 2249.87
4551000 2409.21
4554000 2417.76
4557000 2255.72
4560000 2149.72
4563000 2436.22
4566000 2334.62
4569000 2452.18
4572000 2303.21
4575000 2226.67
4578000 2333.03
4581000 2288.4
4584000 2304.24
4587000 2124.04
4590000 2278.74
4593000 2246.52
4596000 2315.55
4599000 2045.44
4602000 2215.82
4605000 2361.39
4608000 2240.52
4611000 2351.37
4614000 2110.22
4617000 2307.64
4620000 2085.49
4623000 2200.68
4626000 2304.91
4629000 2258.31
4632000 2195.17
4635000 2211.8
4638000 2211.15
4641000 2065.7
4644000 2241.92
4647000 2162.5
4650000 2112.2
4653000 2295.22
4656000 2112.38
4659000 2252.49
4662000 2235.75
4665000 2177.03
4668000 2192.51
4671000 2172.62
4674000 2019.49
4677000 2198.68
4680000 2233.94
4683000 2139.47
4686000 2226.71
4689000 2254.63
4692000 2238.06
4695000 2240.52
4698000 2244.65
4701000 2016.32
4704000 2202.41
4707000 1987.09
4710000 2042.65
4713000 2076.23
4716000 1972.66
4719000 2150.6
4722000 2224.64
4725000 2095.36
4728000 2133.38
4731000 2243.31
4734000 1959.23
4737000 1951.59
4740000 2064.98
4743000 2115.47
4746000 2043.47
4749000 2073.32
4752000 1941.26
4755000 2031.52
4758000 2139.31
4761000 1890.78
4764000 1894.84
4767000 1970.72
4770000 2117.93
4773000 1885.73
4776000 2011.59
4779000 1999.93
4782000 2136.15
4785000 2154.47
4788000 2131.13
4791000 2019.82
4794000 1883.48
4797000 2135
4800000 2009.07
4803000 2019.12
4806000 2034.33
4809000 2092.8
4812000 1959.75
4815000 1913.82
4818000 1760.54
4821000 2058.2
4824000 2032.49
4827000 1991.02
4830000 1869.27
4833000 2099.36
4836000 1996.93
4839000 2101.64
4842000 1922.33
4845000 1839.38
4848000 2215.95
4851000 1861.65
4854000 2066.76
4857000 1987.28
4860000 2035.36
4863000 1964.73
4866000 1883.98
4869000 2127.12
4872000 2100.04
4875000 1920.11
4878000 2099.38
4881000 2065.43
4884000 1922.24
4887000 1979.3
4890000 2066.93
4893000 1876.1
4896000 1908.5
4899000 1992.16
4902000 2029.91
4905000 2012.43
4908000 1926.93
4911000 2022.76
4914000 2014.37
4917000 1909.62
4920000 2145.42
4923000 1911.61
4926000 1993.58
4929000 1882.87
4932000 1930.12
4935000 1896.57
4938000 2186.92
4941000 2090.7
4944000 2086.54
4947000 1970.94
4950000 1994.88
4953000 2091.53
4956000 2150.92
4959000 2035.35
4962000 1885.65
4965000 1997.33
4968000 2091.05
4971000 2045.15
4974000 2038.84
4977000 1942.29
4980000 2018.54
4983000 2002.98
4986000 1940.18
4989000 2128.72
4992000 1976.47
4995000 1998.01
4998000 1948.15
5001000 2156.78
5004000 1918.21
5007000 1916.91
5010000 1919.81
5013000 1887.65
5016000 2090.1
5019000 2002.21
5022000 2273.78
5025000 1991.77
5028000 1883.02
5031000 1816.29
5034000 1974.23
5037000 2018.47
5040000 2056.61
5043000 1839.42
5046000 1994.71
5049000 2133.14
5052000 1918.36
5055000 1960.3
5058000 2008.16
5061000 2203.65
5064000 2068.8
5067000 1983.32
5070000 2043.37
5073000 1963.21
5076000 2160.91
5079000 2018.58
5082000 1992.55
5085000 1969.86
5088000 1939.42
5091000 2008.42
5094000 2044.37
5097000 2141
5100000 2169.51
5103000 1965.77
5106000 1987.02
5109000 2070.45
5112000 1884.88
5115000 2077.24
5118000 2014.01
5121000 2133.27
5124000 2040.09
5127000 2075.24
5130000 2034.88
5133000 1998.15
5136000 2308.36
5139000 2065.09
5142000 2134.56
5145000 1960.92
5148000 1948.02
5151000 1810.31
5154000 2220.58
5157000 2118.49
5160000 2014.23
5163000 1935.52
5166000 1905.87
5169000 2036.59
5172000 1955.69
5175000 1919.56
5178000 1982
5181000 1920.01
5184000 2202.08
5187000 2057.7
5190000 1941.71
5193000 1843.53
5196000 2130.25
5199000 2024.23
5202000 2026.96
5205000 1941.91
5208000 2026.99
5211000 1999.06
5214000 2226.6
5217000 2044.37
5220000 2144.33
5223000 2201.79
5226000 1881.49
5229000 1969.39
5232000 2016.91
5235000 2113.19
5238000 1944.36
5241000 1992.44
5244000 2110.59
5247000 1890.57
5250000 1959.93
5253000 2151.04
5256000 2157.52
5259000 2006.04
5262000 1809.53
5265000 1742.96
5268000 2093.3
5271000 1998.87
5274000 2094.37
5277000 2065.43
5280000 2088.13
5283000 1944.61
5286000 2032
5289000 2098.36
5292000 2109.09
5295000 2076.09
5298000 2032.36
5301000 1957.31
5304000 1976.04
5307000 1954.38
5310000 2111.45
5313000 2135.41
5316000 2067.44
5319000 2127.23
5322000 2074.47
5325000 2217.77
5328000 1872.2
5331000 2060.9
5334000 2133.44
5337000 2109.61
5340000 2041.58
5343000 1960.62
5346000 2038.56
5349000 2033.74
5352000 1992.71
5355000 1903
5358000 2161.89
5361000 2207.65
5364000 2071.76
5367000 2005.28
5370000 2016.58
5373000 2084.57
5376000 2055.01
5379000 2137.13
5382000 2078.16
5385000 1950.91
5388000 2257.23
5391000 2003.5
5394000 2010.82
5397000 2014.45
5400000 2191.72
5403000 1905.66
5406000 1996.89
5409000 1899.82
5412000 2021.37
5415000 1988.32
5418000 1949.37
5421000 2046.56
5424000 2134.92
5427000 1954.8
5430000 2081.62
5433000 2130.72
5436000 1879.19
5439000 1948.6
5442000 2048.29
5445000 2060.84
5448000 2063.92
5451000 1968.82
5454000 2135.34
5457000 1997.25
5460000 1942.37
5463000 1923.86
5466000 2237.98
5469000 1856.61
5472000 2123.97
5475000 2023.52
5478000 2030.25
5481000 1906.16
5484000 1964.85
5487000 1981.51
5490000 1995.75
5493000 2017.9
5496000 1915.41
5499000 1985.86
5502000 2165.4
5505000 2180.93
5508000 2275.63
5511000 2037.82
5514000 2040.12
5517000 2024.03
5520000 2043.33
5523000 1991.8
5526000 1942.7
5529000 1950.39
5532000 2195.85
5535000 2037.07
5538000 2170.06
5541000 2094.36
5544000 2073.64
5547000 1950.5
5550000 2007.81
5553000 1746.23
5556000 2229.12
5559000 2214.49
5562000 2047.93
5565000 1788.15
5568000 2140
5571000 2045.9
5574000 2092.81
5577000 2230.24
5580000 2070.68
5583000 1736.72
5586000 2102.2
5589000 1983.22
5592000 2091.17
5595000 1898.06
5598000 2144.17
5601000 2207.47
5604000 2068.44
5607000 1938.36
5610000 2011.44
5613000 2079.91
5616000 1985.02
5619000 2012.86
5622000 1949.24
5625000 1963.77
5628000 1937
5631000 2104.37
5634000 2083.44
5637000 2030.81
5640000 1769.74
5643000 1844.65
5646000 1845.26
5649000 2033.04
5652000 1926.54
5655000 1895.59
5658000 2055.27
5661000 1863.06
5664000 1855.9
5667000 2110.38
5670000 1753.22
5673000 2039.68
5676000 1880.25
5679000 1863.12
5682000 2040.15
5685000 2056.59
5688000 1819.33
5691000 1940.27
5694000 2026.67
5697000 2102.43
5700000 1952.12
5703000 1842.59
5706000 1794.71
5709000 1857.85
5712000 1761
5715000 1976.22
5718000 1893.21
5721000 1833.55
5724000 1884.54
5727000 1748.51
5730000 1875.64
5733000 1732.98
5736000 1982.88
5739000 1977.39
5742000 1770.36
5745000 1812.58
5748000 1707.27
5751000 1690.07
5754000 1881.24
5757000 1804.95
5760000 1887.73
5763000 1776.82
5766000 1854.79
5769000 1759.56
5772000 1777.67
5775000 1766.4
5778000 1695.48
5781000 1721.56
5784000 1833.91
5787000 1856.79
5790000 1733.01
5793000 1807.92
5796000 1744.89
5799000 1811.69
5802000 1702.28
5805000 1695.71
5808000 1861.63
5811000 1575.01
5814000 1658.04
5817000 1784.03
5820000 1652.33
5823000 1809.95
5826000 1734.46
5829000 1704.73
5832000 1654.73
5835000 1786.13
5838000 1665.36
5841000 1539.02
5844000 1744.99
5847000 1833.67
5850000 1605.49
5853000 1821.97
5856000 1610.82
5859000 1685.9
5862000 1697
5865000 1580.28
5868000 1747.19
5871000 1598.42
5874000 1732.33
5877000 1718.04
5880000 1541.39
5883000 1563.48
5886000 1780.46
5889000 1550.11
5892000 1589.51
5895000 1658.87
5898000 1756.02
5901000 1729.53
5904000 1580.81
5907000 1681.36
5910000 1676.23
5913000 1567.3
5916000 1637.82
5919000 1506.96
5922000 1634.65
5925000 1578.37
5928000 1583.87
5931000 1590.89
5934000 1545.04
5937000 1484.21
5940000 1510.68
5943000 1606.84
5946000 1736.85
5949000 1567.06
5952000 1431.06
5955000 1549.28
5958000 1529.95
5961000 1587.48
5964000 1592.54
5967000 1499.98
5970000 1560.96
5973000 1631.12
5976000 1567.99
5979000 1510.28
5982000 1532.85
5985000 1605.33
5988000 1567.11
5991000 1535.67
5994000 1419.54
5997000 1437.71
6000000 1457.32
6003000 1492.07
6006000 1420.44
6009000 1524.68
6012000 1436.79
6015000 1580.94
6018000 1471.66
6021000 1484.55
6024000 1475.73
6027000 1519.94
6030000 1517.33
6033000 1412.94
6036000 1442.94
6039000 1380.63
6042000 1400.64
6045000 1392.58
6048000 1495.43
6051000 1461.46
6054000 1431.98
6057000 1405.04
6060000 1579.22
6063000 1411.64
6066000 1461.35
6069000 1420.28
6072000 1380.27
6075000 1458.56
6078000 1369.11
6081000 1175.28
6084000 1348.74
6087000 1395.45
6090000 1344.82
6093000 1405.35
6096000 1398.4
6099000 1390.41
6102000 1414.14
6105000 1359.27
6108000 1312.24
6111000 1536.74
6114000 1422.9
6117000 1183.65
6120000 1393.94
6123000 1265.72
6126000 1241.19
6129000 1259.64
6132000 1372.54
6135000 1402.28
6138000 1405.06
6141000 1443.78
6144000 1340
6147000 1416.3
6150000 1343.06
6153000 1339.23
6156000 1301.79
6159000 1342.84
6162000 1291.75
6165000 1282.53
6168000 1350.13
6171000 1291.97
6174000 1369.73
6177000 1178.96
6180000 1308.84
6183000 1269.92
6186000 1317.3
6189000 1212.37
6192000 1235.71
6195000 1264.84
6198000 1285.77
6201000 1279.48
6204000 1154.25
6207000 1321.18
6210000 1287.77
6213000 1201.53
6216000 1276.99
6219000 1132.28
6222000 1294.21
6225000 1255.8
6228000 1166.53
6231000 1215.22
6234000 1334.33
6237000 1229.23
6240000 1216.62
6243000 1194.68
6246000 1228.52
6249000 1243.93
6252000 1158.05
6255000 1048.94
6258000 1159.95
6261000 1213.69
6264000 1232.44
6267000 1167
6270000 1188.77
6273000 1232.47
6276000 1210.09
6279000 1225.49
6282000 1049.56
6285000 1187.37
6288000 1158.9
6291000 1089.98
6294000 1190.83
6297000 1119.54
6300000 1139.9
6303000 1154.22
6306000 1171.66
6309000 1100.38
6312000 1078.99
6315000 1218.08
6318000 1100.77
6321000 1040.42
6324000 1143.77
6327000 942.71
6330000 1093.38
6333000 1107.93
6336000 1001.91
6339000 977.543
6342000 1081.6
6345000 1014.52
6348000 1061.96
6351000 1085.76
6354000 1109.86
6357000 982.382
6360000 1059.56
6363000 1099.65
6366000 1029.47
6369000 923.006
6372000 1073.73
6375000 976.589
6378000 981.333
6381000 999.714
6384000 1036.94
6387000 1040.51
6390000 952.963
6393000 1032.33
6396000 958.412
6399000 954.46
6402000 906.441
6405000 1033.49
6408000 1008.45
6411000 1094.43
6414000 1037.86
6417000 913.182
6420000 1023.26
6423000 995.132
6426000 1034.08
6429000 964.835
6432000 1015.69
6435000 977.286
6438000 888.003
6441000 982.124
6444000 1024.03
6447000 1038.57
6450000 991.346
6453000 961.093
6456000 1075.14
6459000 1024.77
6462000 1089.65
6465000 1038.5
6468000 980.627
6471000 1076.54
6474000 1057.77
6477000 1051.73
6480000 921.122
6483000 1012.4
6486000 985.82
6489000 944.767
6492000 968.755
6495000 1028.77
6498000 962.38
6501000 1123.61
6504000 1008.97
6507000 1068.26
6510000 1000.12
6513000 1009.26
6516000 1024.5
6519000 905.463
6522000 997.74
6525000 1060.61
6528000 988.598
6531000 1053.84
6534000 1130.11
6537000 1053.33
6540000 981.098
6543000 964.789
6546000 962.033
6549000 938.516
6552000 1019.19
6555000 944.975
6558000 1024.85
6561000 994.207
6564000 995.325
6567000 958.474
6570000 923.556
6573000 980.226
6576000 971.338
6579000 927.595
6582000 999.898
6585000 958.801
6588000 1001.17
6591000 989.388
6594000 1031.97
6597000 1012.27
6600000 1012.38
6603000 1012.07
6606000 988.951
6609000 867.285
6612000 987.24
6615000 1036.59
6618000 944.857
6621000 1012.1
6624000 962.222
6627000 962.68
6630000 1062.5
6633000 982.41
6636000 1023.66
6639000 1006.42
6642000 907.759
6645000 1052.11
6648000 933.728
6651000 1029.22
6654000 983.344
6657000 957.829
6660000 901.319
6663000 1069.39
6666000 1107.65
6669000 987.399
6672000 922.623
6675000 1007.69
6678000 966.636
6681000 1014.19
6684000 1058.35
6687000 1029
6690000 843.181
6693000 1012.53
6696000 990.48
6699000 1030.65
6702000 953.374
6705000 934.754
6708000 1069.6
6711000 1044.22
6714000 952.562
6717000 992.743
6720000 1051.78
6723000 931.702
6726000 946.969
6729000 920.311
6732000 1070.35
6735000 971.069
6738000 946.436
6741000 978.577
6744000 981.035
6747000 966.303
6750000 994.662
6753000 988.79
6756000 1029.06
6759000 936.289
6762000 1122.24
6765000 1007.73
6768000 1014.8
6771000 1027.71
6774000 1026.35
6777000 941.722
6780000 1011.7
6783000 1046.68
6786000 1003.21
6789000 972.109
6792000 1003.11
6795000 975.827
6798000 909.454
6801000 969.395
6804000 1030.38
6807000 947.745
6810000 1009.78
6813000 1021.62
6816000 1078.62
6819000 945.684
6822000 1025.84
6825000 1015.69
6828000 1051.21
6831000 1021.19
6834000 1088.68
6837000 914.494
6840000 1049.04
6843000 989.251
6846000 933.598
6849000 1048.73
6852000 1039.95
6855000 934.483
6858000 900.02
6861000 1048.11
6864000 1003.05
6867000 949.374
6870000 997.971
6873000 1050.69
6876000 991.115
6879000 1046.69
6882000 1003.2
6885000 972.948
6888000 957.179
6891000 1019.91
6894000 1030.98
6897000 1018.57
6900000 1044.67
6903000 984.44
6906000 1008.87
6909000 865.646
6912000 1012.96
6915000 993.541
6918000 1093.4
6921000 1086.83
6924000 995.787
6927000 1117.25
6930000 922.394
6933000 948.805
6936000 1080.01
6939000 943.889
6942000 1052.1
6945000 1077.73
6948000 1044.05
6951000 997.735
6954000 898.732
6957000 1012.28
6960000 985.773
6963000 964.183
6966000 1087.48
6969000 959.856
6972000 1079.42
6975000 958.046
6978000 961.759
6981000 1003.47
6984000 1011.71
6987000 1028.88
6990000 997.654
6993000 1156.9
6996000 989.525
6999000 1016.35
7002000 957.703
7005000 1022.91
7008000 940.011
7011000 1061.03
7014000 960.298
7017000 1059.77
7020000 1031.83
7023000 1025.95
7026000 997.613
7029000 950.474
7032000 1006.42
7035000 1038.27
7038000 976.886
7041000 906.268
7044000 941.258
7047000 952.764
7050000 1074.94
7053000 997.176
7056000 937.616
7059000 927.561
7062000 1042.79
7065000 1043.84
7068000 937.279
7071000 1006.95
7074000 1041.03
7077000 996.658
7080000 968.112
7083000 928.604
7086000 1002.22
7089000 1012.43
7092000 1002.54
7095000 992.211
7098000 1051.31
7101000 1002.01
7104000 954.47
7107000 969.615
7110000 1041.28
7113000 1038
7116000 1049.54
7119000 1029.56
7122000 1047.39
7125000 977.197
7128000 1110.1
7131000 990.685
7134000 1158.12
7137000 997.058
7140000 1022.19
7143000 1112.91
7146000 1049.42
7149000 1013.48
7152000 1042.59
7155000 1025.47
7158000 972.726
7161000 1035.22
7164000 967.15
7167000 989.176
7170000 1016.07
7173000 1055.11
7176000 917.487
7179000 1077.1
7182000 959.943
7185000 1011.63
7188000 976.107
7191000 1054.56
7194000 1074.64
7197000 1033.63
7200000 999.941
7203000 1035.43
7206000 1032.78
7209000 964.203
7212000 937.823
7215000 1111.01
7218000 988.811
7221000 984.502
7224000 991.1
7227000 980.358
7230000 892.581
7233000 891.348
7236000 1024.15
7239000 995.105
7242000 897.579
7245000 975.41
7248000 944.61
7251000 889.952
7254000 970.772
7257000 1000.13
7260000 1021.89
7263000 995.082
7266000 984.105
7269000 903.243
7272000 1035.27
7275000 1012.2
7278000 980.688
7281000 929.154
7284000 943.826
7287000 1009.61
7290000 1008.33
7293000 917.772
7296000 944.033
7299000 898.194
7302000 909.794
7305000 898.68
7308000 845.204
7311000 986.554
7314000 883.244
7317000 833.41
7320000 981.672
7323000 937.284
7326000 884.438
7329000 893.86
7332000 835.965
7335000 886.322
7338000 929.094
7341000 956.725
7344000 920.327
7347000 931.69
7350000 1012.58
7353000 949.881
7356000 922.843
7359000 840.389
7362000 871.101
7365000 833.599
7368000 894.631
7371000 882.383
7374000 858.346
7377000 860.916
7380000 918.847
7383000 976.273
7386000 911.229
7389000 858.143
7392000 816.362
7395000 926.196
7398000 828.474
7401000 925.257
7404000 915.715
7407000 790.536
7410000 852.897
7413000 876.128
7416000 835.598
7419000 885.573
7422000 755.836
7425000 911.144
7428000 822.18
7431000 844.262
7434000 817.74
7437000 784.465
7440000 822.081
7443000 861.413
7446000 838.093
7449000 880.909
7452000 834.836
7455000 838.744
7458000 818
7461000 869.12
7464000 847.808
7467000 782.086
7470000 783.008
7473000 836.259
7476000 764.832
7479000 852.366
7482000 865.777
7485000 840.829
7488000 852.35
7491000 788.885
7494000 798.409
7497000 782.262
7500000 857.458
7503000 769.439
7506000 853.224
7509000 733.345
7512000 875.04
7515000 771.553
7518000 741.938
7521000 807.003
7524000 849.149
7527000 764.345
7530000 816.766
7533000 764.376
7536000 717.501
7539000 804.997
7542000 812.246
7545000 761.116
7548000 687.303
7551000 773.308
7554000 805.336
7557000 781.147
7560000 784.105
7563000 725.461
7566000 806.494
7569000 759.082
7572000 707.236
7575000 795.864
7578000 779.246
7581000 773.111
7584000 783.958
7587000 762.905
7590000 703.653
7593000 747.529
7596000 692.023
7599000 777.615
7602000 717.864
7605000 713.129
7608000 724.81
7611000 704.811
7614000 763.412
7617000 720.907
7620000 765.869
7623000 751.63
7626000 720.904
7629000 800.752
7632000 715.249
7635000 725.062
7638000 772.93
7641000 706.49
7644000 765.297
7647000 745.017
7650000 700.27
7653000 695.701
7656000 727.187
7659000 765.896
7662000 667.613
7665000 734.057
7668000 672.315
7671000 665.927
7674000 704.318
7677000 736.472
7680000 665.346
7683000 746.777
7686000 716.009
7689000 724.431
7692000 686.917
7695000 663.108
7698000 704.668
7701000 650.12
7704000 679.953
7707000 714.72
7710000 647.052
7713000 701.452
7716000 653.297
7719000 711.748
7722000 592.281
7725000 674.089
7728000 755.369
7731000 666.793
7734000 712.645
7737000 645.133
7740000 664.727
7743000 663.619
7746000 644.53
7749000 704.128
7752000 663.605
7755000 585.962
7758000 645.013
7761000 654.97
7764000 669.11
7767000 622.154
7770000 586.245
7773000 685.828
7776000 648.044
7779000 632.272
7782000 628.153
7785000 613.213
7788000 651.647
7791000 661.025
7794000 612.85
7797000 659.083
7800000 650.074
7803000 621.135
7806000 649.011
7809000 638.156
7812000 678.736
7815000 576.701
7818000 633.701
7821000 588.585
7824000 599.829
7827000 632.843
7830000 571.642
7833000 583.394
7836000 600.019
7839000 578.196
7842000 594.183
7845000 576.751
7848000 632.427
7851000 617.668
7854000 580.072
7857000 566.567
7860000 548.052
7863000 614.565
7866000 577.928
7869000 615.614
7872000 590.785
7875000 607.014
7878000 611.618
7881000 570.141
7884000 548.827
7887000 568.129
7890000 562.415
7893000 561.339
7896000 649.636
7899000 557.585
7902000 527.871
7905000 598.077
7908000 550.605
7911000 562.644
7914000 621.121
7917000 524.286
7920000 579.466
7923000 533.931
7926000 551.149
7929000 573.339
7932000 507.155
7935000 508.641
7938000 572.932
7941000 555.135
7944000 504.564
7947000 470.816
7950000 559.652
7953000 506.062
7956000 562.555
7959000 518.721
7962000 476.788
7965000 519.029
7968000 489.964
7971000 533.305
7974000 549.094
7977000 518.869
7980000 462.117
7983000 524.369
7986000 523.662
7989000 526.688
7992000 543.011
7995000 533.988
7998000 488.312
8001000 466.215
8004000 531.859
8007000 526.618
8010000 514.888
8013000 487.011
8016000 499.683
8019000 494.507
8022000 490.973
8025000 540.012
8028000 532.943
8031000 529.625
8034000 486.45
8037000 448.412
8040000 521.268
8043000 472.249
8046000 473.579
8049000 479.319
8052000 460.663
8055000 456.791
8058000 508.846
8061000 495.775
8064000 470.426
8067000 522.234
8070000 542.509
8073000 509.585
8076000 492.938
8079000 511.902
8082000 502.508
8085000 551.053
8088000 505.718
8091000 492.53
8094000 472.123
8097000 473.398
8100000 539.498
8103000 508.278
8106000 532.364
8109000 477.805
8112000 512.362
8115000 466.131
8118000 511.55
8121000 527.177
8124000 481.266
8127000 492.468
8130000 573.877
8133000 498.702
8136000 440.703
8139000 465.718
8142000 541.01
8145000 467.779
8148000 505.899
8151000 471.562
8154000 498.723
8157000 500.992
8160000 487.921
8163000 496.772
8166000 503.919
8169000 502.497
8172000 477.094
8175000 513.696
8178000 528.617
8181000 488.563
8184000 465.724
8187000 492.924
8190000 487.422
8193000 499.358
8196000 470.624
8199000 497.028
8202000 485.924
8205000 515.689
8208000 495.907
8211000 505.159
8214000 512.463
8217000 486.189
8220000 526.681
8223000 484.163
8226000 501.207
8229000 459.201
8232000 510.444
8235000 447.095
8238000 531.172
8241000 459.887
8244000 518.259
8247000 535.427
8250000 503.977
8253000 517.092
8256000 501.215
8259000 488.654
8262000 494.107
8265000 505.145
8268000 492.107
8271000 490.197
8274000 509.172
8277000 515.692
8280000 480.642
8283000 509.107
8286000 509.865
8289000 459.451
8292000 532.34
8295000 534.646
8298000 517.966
8301000 484.307
8304000 448.934
8307000 520.667
8310000 494.973
8313000 506.298
8316000 512.775
8319000 479.674
8322000 500.909
8325000 514.43
8328000 499.131
8331000 513.785
8334000 548.415
8337000 545.942
8340000 475.705
8343000 520.935
8346000 480.55
8349000 466.898
8352000 472.148
8355000 515.056
8358000 506.571
8361000 488.417
8364000 544.957
8367000 505.563
8370000 502.077
8373000 549.421
8376000 539.391
8379000 540.658
8382000 512.748
8385000 512.063
8388000 530.844
8391000 494.948
8394000 496.539
8397000 474.549
8400000 511.573
8403000 463.603
8406000 477.158
8409000 509.758
8412000 498.951
8415000 486.112
8418000 491.054
8421000 465.281
8424000 575.441
8427000 478.866
8430000 489.4
8433000 509.85
8436000 518.158
8439000 519.466
8442000 557.998
8445000 468.398
8448000 501.462
8451000 509.566
8454000 511.482
8457000 527.503
8460000 517.477
8463000 501.307
8466000 517.007
8469000 511.431
8472000 481.879
8475000 536.506
8478000 474.174
8481000 540.847
8484000 493.948
8487000 528.964
8490000 460.09
8493000 485.55
8496000 501.302
8499000 467.865
8502000 520.963
8505000 547.9
8508000 524.54
8511000 494.102
8514000 491.699
8517000 507.906
8520000 495.683
8523000 458.96
8526000 514.866
8529000 522.402
8532000 526.951
8535000 533.059
8538000 525.49
8541000 448.518
8544000 488.115
8547000 473.862
8550000 529.074
8553000 484.287
8556000 504.86
8559000 474.369
8562000 492.169
8565000 490.551
8568000 476.983
8571000 524.151
8574000 551.216
8577000 506.169
8580000 515.457
8583000 517.667
8586000 484.447
8589000 501.132
8592000 518.116
8595000 497.551
8598000 493.616
8601000 515.452
8604000 528.379
8607000 482.728
8610000 489.15
8613000 497.959
8616000 506.668
8619000 491.428
8622000 475.778
8625000 503.849
8628000 508.974
8631000 490.902
8634000 509.27
8637000 495.261
8640000 488.599
8643000 514.27
8646000 499.699
8649000 487.992
8652000 458.423
8655000 522.162
8658000 506.498
8661000 513.687
8664000 489.381
8667000 513.159
8670000 529.694
8673000 470.181
8676000 495.598
8679000 527.385
8682000 482.529
8685000 506.135
8688000 491.04
8691000 524.133
8694000 525.601
8697000 506.798
8700000 465.725
8703000 538.68
8706000 506.813
8709000 485.938
8712000 515.693
8715000 496.816
8718000 500.311
8721000 460.334
8724000 508.305
8727000 482.134
8730000 466.01
8733000 576.647
8736000 483.915
8739000 448.763
8742000 522.524
8745000 505.591
8748000 492.124
8751000 524.511
8754000 486.948
8757000 518.537
8760000 502.425
8763000 503.281
8766000 483.079
8769000 491.346
8772000 508.571
8775000 465.183
8778000 525.215
8781000 530.028
8784000 511.43
8787000 502.845
8790000 512.387
8793000 541.136
8796000 507.712
8799000 499.245
8802000 507.475
8805000 544.378
8808000 483.809
8811000 490.966
8814000 495.672
8817000 516.436
8820000 485.539
8823000 486.478
8826000 505.698
8829000 512.8
8832000 490.865
8835000 496.096
8838000 447.606
8841000 507.135
8844000 491.858
8847000 443.483
8850000 481.624
8853000 497.56
8856000 437.405
8859000 478.876
8862000 492.51
8865000 488.365
8868000 430.291
8871000 425.619
8874000 441.421
8877000 455.919
8880000 470.029
8883000 392.232
8886000 466.328
8889000 475.646
8892000 476.347
8895000 410.109
8898000 439
8901000 443.732
8904000 421.301
8907000 389.243
8910000 438.062
8913000 427.531
8916000 445.637
8919000 436.068
8922000 404.745
8925000 436.023
8928000 434.592
8931000 415.47
8934000 395.57
8937000 389.912
8940000 404.179
8943000 383.753
8946000 398.395
8949000 433.559
8952000 381.667
8955000 409.64
8958000 408.998
8961000 425.151
8964000 411.924
8967000 358.39
8970000 425.508
8973000 401.344
8976000 383.966
8979000 397.305
8982000 409.716
8985000 391.396
8988000 391.402
8991000 395.616
8994000 352.375
8997000 389.944
9000000 356.511
9003000 374.135
9006000 380.2
9009000 381.241
9012000 367.259
9015000 361.718
9018000 360.119
9021000 330.493
9024000 357.236
9027000 349.5
9030000 362.438
9033000 334.134
9036000 335.738
9039000 348.481
9042000 360.167
9045000 343.215
9048000 353.43
9051000 346.534
9054000 339.755
9057000 368.706
9060000 353.585
9063000 324.961
9066000 333.088
9069000 340.255
9072000 300.528
9075000 317.74
9078000 312.594
9081000 341.283
9084000 305.978
9087000 310.298
9090000 330.982
9093000 286.845
9096000 327.68
9099000 287.726
9102000 326.096
9105000 320.289
9108000 301.617
9111000 281.035
9114000 315.716
9117000 295.439
9120000 304.994
9123000 320.696
9126000 312.156
9129000 292.991
9132000 309.172
9135000 310.416
9138000 257.702
9141000 294.565
9144000 289.984
9147000 284.969
9150000 280.772
9153000 275.755
9156000 298.35
9159000 294.37
9162000 279.732
9165000 286.8
9168000 258.761
9171000 262.865
9174000 273.831
9177000 276.007
9180000 272.664
9183000 273.802
9186000 270.943
9189000 272.031
9192000 255.773
9195000 253.344
9198000 265.622
9201000 296.613
9204000 255.694
9207000 232.439
9210000 244.565
9213000 262.843
9216000 271.589
9219000 236.565
9222000 229.684
9225000 233.555
9228000 222.399
9231000 243.782
9234000 221.927
9237000 229.716
9240000 233.422
9243000 210.088
9246000 236.49
9249000 214.788
9252000 217.789
9255000 216.048
9258000 222.897
9261000 222.165
9264000 209.164
9267000 217.877
9270000 205.86
9273000 216.309
9276000 210.665
9279000 211.228
9282000 224.621
9285000 205.044
9288000 194.875
9291000 199.439
9294000 201.615
9297000 194.913
9300000 203.756
9303000 212.111
9306000 179.791
9309000 180.247
9312000 183.163
9315000 176.694
9318000 179.851
9321000 175.806
9324000 187.694
9327000 173.386
9330000 173.353
9333000 180.292
9336000 166.478
9339000 168.615
9342000 151.053
9345000 168.991
9348000 170.56
9351000 171.781
9354000 159.13
9357000 158.522
9360000 165.665
9363000 154.537
9366000 156.364
9369000 154.787
9372000 149.385
9375000 149.878
9378000 141.123
9381000 153.813
9384000 130.926
9387000 136.63
9390000 135.106
9393000 135.512
9396000 135.214
9399000 138.657
9402000 133.584
9405000 132.917
9408000 127.327
9411000 125.778
9414000 126.972
9417000 124.609
9420000 113.382
9423000 111.847
9426000 114.857
9429000 119.128
9432000 110.246
9435000 113.803
9438000 106.639
9441000 105.466
9444000 113.679
9447000 104.254
9450000 108.258
9453000 96.3601
9456000 101.633
9459000 88.1494
9462000 93.7368
9465000 99.8036
9468000 90.5922
9471000 97.5892
9474000 85.5402
9477000 81.6394
9480000 85.2952
9483000 82.343
9486000 72.863
9489000 79.2679
9492000 83.188
9495000 74.2506
9498000 67.6128
9501000 71.6064
9504000 70.545
9507000 63.9359
9510000 59.6631
9513000 63.1991
9516000 59.9632
9519000 63.9884
9522000 59.6562
9525000 57.332
9528000 53.9867
9531000 51.5583
9534000 54.7342
9537000 48.3099
9540000 46.8549
9543000 46.4873
9546000 45.5838
9549000 38.9755
9552000 36.484
9555000 35.3644
9558000 38.8854
9561000 32.4532
9564000 33.0124
9567000 29.3998
9570000 28.8155
9573000 26.2685
9576000 24.372
9579000 22.5273
9582000 19.9169
9585000 19.1199
9588000 18.826
9591000 16.231
9594000 13.3157
9597000 11.897
9600000 10.3994
9603000 9.8116
9606000 10.142
9609000 10.693
9612000 9.88579
9615000 9.54006
9618000 9.49969
9621000 10.5837
9624000 10.071
9627000 9.35165
9630000 9.62973
9633000 9.25082
9636000 9.7272
9639000 10.6307
9642000 9.53726
9645000 10.2968
9648000 9.4538
9651000 10.8711
9654000 10.0881
9657000 10.3481
9660000 9.49672
9663000 9.32714
9666000 10.3243
9669000 9.34303
9672000 9.66245
9675000 9.5702
9678000 10.2422
9681000 9.35118
9684000 10.7549
9687000 10.5365
9690000 9.93166
9693000 9.26826
9696000 10.2508
9699000 10.6703
9702000 9.61256
9705000 10.5142
9708000 9.46967
9711000 9.64271
9714000 9.66146
9717000 10.5595
9720000 9.94435
9723000 10.492
9726000 9.76471
9729000 9.7748
9732000 10.3459
9735000 10.2593
9738000 9.31404
9741000 9.78087
9744000 9.44306
9747000 9.71668
9750000 9.8702
9753000 9.8504
9756000 9.42258
9759000 10.3809
9762000 9.36781
9765000 10.7085
9768000 10.4183
9771000 9.99877
9774000 10.0515
9777000 9.68037
9780000 9.99452
9783000 9.87599
9786000 10.1364
9789000 10.4545
9792000 10.5822
9795000 9.85919
9798000 10.0645
9801000 10.2569
9804000 9.74523
9807000 10.2501
9810000 10.2813
9813000 8.80014
9816000 9.15161
9819000 9.82854
9822000 10.2471
9825000 9.98235
9828000 11.2125
9831000 10.8589
9834000 9.31903
9837000 10.7047
9840000 10.1213
9843000 9.91686
9846000 9.2167
9849000 9.75664
9852000 9.2253
9855000 10.5267
9858000 9.77762
9861000 9.54305
9864000 10.5177
9867000 9.49376
9870000 9.90221
9873000 9.5265
9876000 11.1333
9879000 9.33226
9882000 10.6491
9885000 10.1563
9888000 9.84429
9891000 9.54189
9894000 9.97729
9897000 10.6567
9900000 10.1316
9903000 10.5329
9906000 9.6765
9909000 9.8336
9912000 10.3685
9915000 9.32775
9918000 9.98516
9921000 10.9998
9924000 10.6375
9927000 9.60336
9930000 10.3709
9933000 10.1937
9936000 10.3822
9939000 9.26283
9942000 9.91015
9945000 9.48974
9948000 9.64702
9951000 10.5687
9954000 10.7213
9957000 10.898
9960000 10.466
9963000 9.7856
9966000 10.1197
9969000 10.8052
9972000 8.58638
9975000 10.7089
9978000 10.664
9981000 9.47316
9984000 10.1612
9987000 9.30812
9990000 9.44835
9993000 10.4074
9996000 10.7319
9999000 10.7931
10002000 9.72755
10005000 9.78434
10008000 9.59039
10011000 9.52296
10014000 9.89013
10017000 10.1103
10020000 10.0163
10023000 9.35525
10026000 10.1879
10029000 10.041
10032000 9.68019
10035000 9.88138
10038000 9.25435
10041000 9.89729
10044000 10.0288
10047000 10.2489
10050000 10.0911
10053000 9.75395
10056000 9.58813
10059000 10.4586
10062000 9.68402
10065000 10.3477
10068000 10.1407
10071000 10.1946
10074000 10.8602
10077000 10.2822
10080000 10.3559
10083000 9.62615
10086000 10.15
10089000 9.57307
10092000 10.2581
10095000 10.7167
10098000 10.0532
10101000 10.1227
10104000 10.402
10107000 10.1019
10110000 10.2554
10113000 10.4892
10116000 10.2352
10119000 10.9075
10122000 10.3333
10125000 10.6947
10128000 11.0165
10131000 10.2284
10134000 10.1064
10137000 10.7004
10140000 10.1416
10143000 9.56589
10146000 10.1779
10149000 9.62148
10152000 10.0699
10155000 10.6354
10158000 9.47798
10161000 9.53377
10164000 9.93577
10167000 10.7911
10170000 10.3758
10173000 10.5666
10176000 9.49845
10179000 9.03392
10182000 9.84899
10185000 10.6693
10188000 9.90162
10191000 10.0912
10194000 10.3239
10197000 9.95394
10200000 9.73694
10203000 9.69343
10206000 9.44717
10209000 10.2277
10212000 10.4245
10215000 9.13151
10218000 9.41972
10221000 10.0293
10224000 10.372
10227000 10.3035
10230000 10.9531
10233000 9.97847
10236000 10.015
10239000 9.26039
10242000 10.7188
10245000 9.91233
10248000 10.2105
10251000 9.52084
10254000 9.94234
10257000 11.3307
10260000 10.2009
10263000 9.88735
10266000 10.2296
10269000 9.87748
10272000 10.0888
10275000 8.80243
10278000 10.3922
10281000 9.98451
10284000 9.37122
10287000 10.4871
10290000 10.0615
10293000 9.93241
10296000 9.71925
10299000 10.2247
10302000 9.68537
10305000 10.0284
10308000 9.94121
10311000 10.2872
10314000 10.1801
10317000 10.3986
10320000 9.67596
10323000 11.192
10326000 9.94826
10329000 9.74617
10332000 9.10431
10335000 9.66195
10338000 9.60864
10341000 10.7342
10344000 9.71866
10347000 9.47367
10350000 10.2377
10353000 9.40014
10356000 10.2417
10359000 10.499
10362000 9.94984
10365000 10.4287
10368000 10.2188
10371000 9.95243
10374000 9.89137
10377000 10.0568
10380000 9.53991
10383000 9.62376
10386000 10.1441
10389000 9.57735
10392000 10.3127
10395000 10.721
10398000 10.0665
